
gotten based on values
self.gamma=0.09
        self.discount=.7
epsilon =0 in the late run
[[ 0.1128092  -0.79040805 -0.13417554  3.11501866]
 [ 0.05329855  1.99037876 -0.58306539  0.32728871]
 [ 0.01045175 -0.50919896  2.59653647 -0.41996765]
 [ 1.16594136 -0.73653675 -0.64571302 -0.25909267]
 [ 0.33377386 -0.67349922 -0.69575951 -0.08544277]]


[[ 0.1128092  -0.79040805 -0.13417554  3.1712477 ]
 [ 0.05329855  1.36345253 -0.58306539  0.32728871]
 [ 0.01045175 -0.50919896  1.42055016 -0.41996765]
 [ 1.28883259 -0.73653675 -0.64571302 -0.25909267]
 [ 1.49639571 -0.67349922 -0.69575951 -0.08544277]]
